987	
973	
929	
968	
965	
945	
949	
987	
916	
956	
972	
960	
985	
989	
933	
946	
935	
960	
960	
983	
986	
984	
946	
954	
960	
985	
937	
975	
969	
970	
995	
905	
979	
944	
942	
962	
921	
930	
958	
979	
933	
950	
991	
985	
981	
943	
975	
939	
965	
968	
962	
975	
970	
948	
982	
933	
986	
973	
960	
934	
980	
938	
979	
1000
986	
939	
915	
969	
952	
957	
941	
964	
935	
985	
910	
950	
938	
987	
991	
930	
929	
970	
902	
962	
979	
976	
985	
895	
977	
988	
882	
962	
981	
992	
974	
955	
955	
985	
905	
929	
985	
988	
990	
980	
952	
963	
941	
977	
935	
984	
958	
970	
943	
958	
975	
946	
942	
927	
924	
948	
956	
982	
976	
981	
977	
989	
985	
942	
942	
983	
994	
940	
976	
966	
974	
973	
965	
965	
970	
968	
964	
978	
969	
940	
979	
983	
973	
998	
965	
955	
983	
940	
960	
986	
931	
980	
