65	
85	
120
95	
95	
130
100
65	
130
100
75	
100
75	
70	
125
105
120
100
100
65	
65	
70	
110
100
70	
80	
135
80	
90	
90	
65	
155
75	
125
120
90	
135
130
95	
85	
135
110
75	
70	
70	
120
80	
120
85	
105
100
70	
90	
125
70	
120
65	
80	
80	
110
75	
125
80	
	65
65	
125
145
90	
110
105
130
95	
125
65	
145
105
125
65	
65	
130
140
90	
150
100
80	
75	
70	
155
70	
65	
160
100
75	
65	
80	
105
105
75	
150
150
80	
65	
70	
70	
110
85	
135
75	
125
70	
115
85	
115
105
90	
95	
115
125
135
120
110
75	
75	
90	
85	
65	
85	
105
120
70	
65	
120
80	
100
75	
85	
95	
70	
90	
70	
100
80	
80	
100
80	
75	
85	
70	
75	
105
70	
125
110
75	
135
75	
