10
1
14
8
12
2
25
22
4
8
1
8
2
2
13
5
10
3
3
17
11
3
20
2
4
4
14
2
3
5
3
2
9
15
7
17
21
5
20
2
2
2
1
5
22
12
5
2
4
4
15
1
16
5
5
5
8
6
30
6
11
6
2
5
13
1
51
4
7
27
4
12
1
1
15
13
8
24
9
22
4
4
3
1
15
23
2
19
10
4
23
9
11
9
1
4
9
28
12
9
15
12
34
1
2
19
7
1
11
34
10
4
13
3
7
22
11
1
3
16
4
3
2
7
1
1
10
3
16
16
7
29
2
8
14
16
13
7
34
9
21
5
7
1
8
18
6
3
3
28
17
7
6
12
1
23
8
5
5
2
8
3
12
12
11
26
5
13
1
5
10
1
12
9
8
19
11
14
10
6
4
43
4
13
11
14
6
14
11
4
9
4
8
8
19
1
3
19
12
9
9
9
17
2
4
